t=0:1:3*4*5*5*5-1;
N=3*4*5*5*5;
x=exp(2*pi*j*3*t/N);